0 10	
0 0.001
0.04
100000
1000
1000	2
0	0
.00999	.00999
.01999	.01999
.02999	.02999
.03998	.03998
.04997	.04997
.05996	.05996
.06994	.06994
.07991	.07991
.08987	.08987
.09983	.09983
.10977	.10977
.11971	.11971
.12963	.12963
.13954	.13954
.14943	.14943
.15931	.15931
.16918	.16918
.17902	.17902
.18885	.18885
.19866	.19866
.20845	.20845
.21822	.21822
.22797	.22797
.23770	.23770
.24740	.24740
.25708	.25708
.26673	.26673
.27635	.27635
.28595	.28595
.29552	.29552
.30505	.30505
.31456	.31456
.32404	.32404
.33348	.33348
.34289	.34289
.35227	.35227
.36161	.36161
.37092	.37092
.38018	.38018
.38941	.38941
.39860	.39860
.40776	.40776
.41687	.41687
.42593	.42593
.43496	.43496
.44394	.44394
.45288	.45288
.46177	.46177
.47062	.47062
.47942	.47942
.48817	.48817
.49688	.49688
.50553	.50553
.51413	.51413
.52268	.52268
.53118	.53118
.53963	.53963
.54802	.54802
.55636	.55636
.56464	.56464
.57286	.57286
.58103	.58103
.58914	.58914
.59719	.59719
.60518	.60518
.61311	.61311
.62098	.62098
.62879	.62879
.63653	.63653
.64421	.64421
.65183	.65183
.65938	.65938
.66686	.66686
.67428	.67428
.68163	.68163
.68892	.68892
.69613	.69613
.70327	.70327
.71035	.71035
.71735	.71735
.72428	.72428
.73114	.73114
.73793	.73793
.74464	.74464
.75128	.75128
.75784	.75784
.76432	.76432
.77073	.77073
.77707	.77707
.78332	.78332
.78950	.78950
.79560	.79560
.80162	.80162
.80755	.80755
.81341	.81341
.81919	.81919
.82488	.82488
.83049	.83049
.83602	.83602
.84147	.84147
.84683	.84683
.85210	.85210
.85729	.85729
.86240	.86240
.86742	.86742
.87235	.87235
.87720	.87720
.88195	.88195
.88662	.88662
.89120	.89120
.89569	.89569
.90010	.90010
.90441	.90441
.90863	.90863
.91276	.91276
.91680	.91680
.92075	.92075
.92460	.92460
.92836	.92836
.93203	.93203
.93561	.93561
.93909	.93909
.94248	.94248
.94578	.94578
.94898	.94898
.95209	.95209
.95510	.95510
.95801	.95801
.96083	.96083
.96355	.96355
.96618	.96618
.96871	.96871
.97114	.97114
.97348	.97348
.97572	.97572
.97786	.97786
.97990	.97990
.98185	.98185
.98370	.98370
.98544	.98544
.98710	.98710
.98865	.98865
.99010	.99010
.99145	.99145
.99271	.99271
.99386	.99386
.99492	.99492
.99588	.99588
.99673	.99673
.99749	.99749
.99815	.99815
.99871	.99871
.99916	.99916
.99952	.99952
.99978	.99978
.99994	.99994
.99999	.99999
.99995	.99995
.99981	.99981
.99957	.99957
.99923	.99923
.99878	.99878
.99824	.99824
.99760	.99760
.99686	.99686
.99602	.99602
.99508	.99508
.99404	.99404
.99290	.99290
.99166	.99166
.99032	.99032
.98888	.98888
.98735	.98735
.98571	.98571
.98398	.98398
.98215	.98215
.98022	.98022
.97819	.97819
.97607	.97607
.97384	.97384
.97152	.97152
.96910	.96910
.96659	.96659
.96398	.96398
.96127	.96127
.95847	.95847
.95557	.95557
.95257	.95257
.94948	.94948
.94630	.94630
.94301	.94301
.93964	.93964
.93617	.93617
.93261	.93261
.92895	.92895
.92521	.92521
.92137	.92137
.91743	.91743
.91341	.91341
.90929	.90929
.90509	.90509
.90079	.90079
.89640	.89640
.89192	.89192
.88736	.88736
.88270	.88270
.87796	.87796
.87313	.87313
.86821	.86821
.86320	.86320
.85811	.85811
.85294	.85294
.84767	.84767
.84233	.84233
.83689	.83689
.83138	.83138
.82578	.82578
.82010	.82010
.81434	.81434
.80849	.80849
.80257	.80257
.79656	.79656
.79048	.79048
.78431	.78431
.77807	.77807
.77175	.77175
.76535	.76535
.75888	.75888
.75233	.75233
.74570	.74570
.73900	.73900
.73223	.73223
.72538	.72538
.71846	.71846
.71147	.71147
.70441	.70441
.69727	.69727
.69007	.69007
.68280	.68280
.67546	.67546
.66805	.66805
.66058	.66058
.65304	.65304
.64543	.64543
.63776	.63776
.63003	.63003
.62223	.62223
.61437	.61437
.60645	.60645
.59847	.59847
.59043	.59043
.58233	.58233
.57417	.57417
.56595	.56595
.55768	.55768
.54935	.54935
.54097	.54097
.53253	.53253
.52404	.52404
.51550	.51550
.50690	.50690
.49826	.49826
.48956	.48956
.48082	.48082
.47203	.47203
.46319	.46319
.45430	.45430
.44537	.44537
.43639	.43639
.42737	.42737
.41831	.41831
.40921	.40921
.40006	.40006
.39088	.39088
.38166	.38166
.37239	.37239
.36309	.36309
.35376	.35376
.34439	.34439
.33498	.33498
.32554	.32554
.31607	.31607
.30657	.30657
.29704	.29704
.28747	.28747
.27788	.27788
.26826	.26826
.25861	.25861
.24894	.24894
.23924	.23924
.22952	.22952
.21978	.21978
.21001	.21001
.20022	.20022
.19042	.19042
.18059	.18059
.17075	.17075
.16089	.16089
.15101	.15101
.14111	.14111
.13121	.13121
.12129	.12129
.11136	.11136
.10141	.10141
.09146	.09146
.08150	.08150
.07153	.07153
.06155	.06155
.05156	.05156
.04158	.04158
.03158	.03158
.02159	.02159
.01159	.01159
.00159	.00159
-.00840	-.00840
-.01840	-.01840
-.02840	-.02840
-.03839	-.03839
-.04838	-.04838
-.05837	-.05837
-.06835	-.06835
-.07832	-.07832
-.08829	-.08829
-.09824	-.09824
-.10819	-.10819
-.11813	-.11813
-.12805	-.12805
-.13796	-.13796
-.14786	-.14786
-.15774	-.15774
-.16761	-.16761
-.17746	-.17746
-.18729	-.18729
-.19710	-.19710
-.20690	-.20690
-.21667	-.21667
-.22642	-.22642
-.23615	-.23615
-.24586	-.24586
-.25554	-.25554
-.26519	-.26519
-.27482	-.27482
-.28442	-.28442
-.29399	-.29399
-.30354	-.30354
-.31305	-.31305
-.32253	-.32253
-.33198	-.33198
-.34140	-.34140
-.35078	-.35078
-.36013	-.36013
-.36944	-.36944
-.37871	-.37871
-.38795	-.38795
-.39714	-.39714
-.40630	-.40630
-.41542	-.41542
-.42449	-.42449
-.43353	-.43353
-.44252	-.44252
-.45146	-.45146
-.46036	-.46036
-.46922	-.46922
-.47802	-.47802
-.48678	-.48678
-.49549	-.49549
-.50415	-.50415
-.51276	-.51276
-.52132	-.52132
-.52983	-.52983
-.53829	-.53829
-.54669	-.54669
-.55503	-.55503
-.56332	-.56332
-.57156	-.57156
-.57973	-.57973
-.58785	-.58785
-.59591	-.59591
-.60391	-.60391
-.61185	-.61185
-.61973	-.61973
-.62755	-.62755
-.63530	-.63530
-.64299	-.64299
-.65062	-.65062
-.65818	-.65818
-.66568	-.66568
-.67311	-.67311
-.68047	-.68047
-.68776	-.68776
-.69499	-.69499
-.70214	-.70214
-.70923	-.70923
-.71624	-.71624
-.72318	-.72318
-.73005	-.73005
-.73685	-.73685
-.74357	-.74357
-.75022	-.75022
-.75680	-.75680
-.76330	-.76330
-.76972	-.76972
-.77606	-.77606
-.78233	-.78233
-.78852	-.78852
-.79463	-.79463
-.80066	-.80066
-.80661	-.80661
-.81248	-.81248
-.81827	-.81827
-.82398	-.82398
-.82960	-.82960
-.83515	-.83515
-.84060	-.84060
-.84598	-.84598
-.85127	-.85127
-.85647	-.85647
-.86159	-.86159
-.86662	-.86662
-.87157	-.87157
-.87643	-.87643
-.88120	-.88120
-.88588	-.88588
-.89048	-.89048
-.89498	-.89498
-.89940	-.89940
-.90373	-.90373
-.90796	-.90796
-.91211	-.91211
-.91616	-.91616
-.92012	-.92012
-.92399	-.92399
-.92777	-.92777
-.93146	-.93146
-.93505	-.93505
-.93855	-.93855
-.94195	-.94195
-.94526	-.94526
-.94848	-.94848
-.95160	-.95160
-.95462	-.95462
-.95755	-.95755
-.96039	-.96039
-.96313	-.96313
-.96577	-.96577
-.96831	-.96831
-.97076	-.97076
-.97311	-.97311
-.97537	-.97537
-.97753	-.97753
-.97958	-.97958
-.98155	-.98155
-.98341	-.98341
-.98517	-.98517
-.98684	-.98684
-.98841	-.98841
-.98987	-.98987
-.99124	-.99124
-.99251	-.99251
-.99369	-.99369
-.99476	-.99476
-.99573	-.99573
-.99660	-.99660
-.99738	-.99738
-.99805	-.99805
-.99862	-.99862
-.99910	-.99910
-.99947	-.99947
-.99974	-.99974
-.99992	-.99992
-.99999	-.99999
-.99997	-.99997
-.99984	-.99984
-.99961	-.99961
-.99929	-.99929
-.99886	-.99886
-.99834	-.99834
-.99771	-.99771
-.99698	-.99698
-.99616	-.99616
-.99523	-.99523
-.99421	-.99421
-.99309	-.99309
-.99186	-.99186
-.99054	-.99054
-.98912	-.98912
-.98760	-.98760
-.98598	-.98598
-.98426	-.98426
-.98245	-.98245
-.98053	-.98053
-.97852	-.97852
-.97641	-.97641
-.97420	-.97420
-.97190	-.97190
-.96950	-.96950
-.96700	-.96700
-.96440	-.96440
-.96171	-.96171
-.95892	-.95892
-.95603	-.95603
-.95305	-.95305
-.94998	-.94998
-.94681	-.94681
-.94354	-.94354
-.94018	-.94018
-.93673	-.93673
-.93318	-.93318
-.92954	-.92954
-.92581	-.92581
-.92198	-.92198
-.91807	-.91807
-.91406	-.91406
-.90995	-.90995
-.90576	-.90576
-.90148	-.90148
-.89711	-.89711
-.89264	-.89264
-.88809	-.88809
-.88345	-.88345
-.87872	-.87872
-.87390	-.87390
-.86900	-.86900
-.86401	-.86401
-.85893	-.85893
-.85377	-.85377
-.84852	-.84852
-.84318	-.84318
-.83776	-.83776
-.83226	-.83226
-.82668	-.82668
-.82101	-.82101
-.81526	-.81526
-.80943	-.80943
-.80351	-.80351
-.79752	-.79752
-.79145	-.79145
-.78530	-.78530
-.77907	-.77907
-.77276	-.77276
-.76637	-.76637
-.75991	-.75991
-.75337	-.75337
-.74676	-.74676
-.74007	-.74007
-.73331	-.73331
-.72647	-.72647
-.71957	-.71957
-.71259	-.71259
-.70554	-.70554
-.69841	-.69841
-.69122	-.69122
-.68396	-.68396
-.67663	-.67663
-.66923	-.66923
-.66177	-.66177
-.65424	-.65424
-.64665	-.64665
-.63899	-.63899
-.63126	-.63126
-.62347	-.62347
-.61562	-.61562
-.60771	-.60771
-.59974	-.59974
-.59171	-.59171
-.58362	-.58362
-.57547	-.57547
-.56726	-.56726
-.55900	-.55900
-.55068	-.55068
-.54231	-.54231
-.53388	-.53388
-.52539	-.52539
-.51686	-.51686
-.50827	-.50827
-.49964	-.49964
-.49095	-.49095
-.48221	-.48221
-.47343	-.47343
-.46460	-.46460
-.45572	-.45572
-.44679	-.44679
-.43783	-.43783
-.42881	-.42881
-.41976	-.41976
-.41066	-.41066
-.40152	-.40152
-.39234	-.39234
-.38313	-.38313
-.37387	-.37387
-.36458	-.36458
-.35525	-.35525
-.34588	-.34588
-.33648	-.33648
-.32705	-.32705
-.31758	-.31758
-.30809	-.30809
-.29856	-.29856
-.28900	-.28900
-.27941	-.27941
-.26979	-.26979
-.26015	-.26015
-.25048	-.25048
-.24079	-.24079
-.23107	-.23107
-.22133	-.22133
-.21157	-.21157
-.20178	-.20178
-.19198	-.19198
-.18216	-.18216
-.17232	-.17232
-.16246	-.16246
-.15258	-.15258
-.14269	-.14269
-.13279	-.13279
-.12287	-.12287
-.11294	-.11294
-.10300	-.10300
-.09305	-.09305
-.08308	-.08308
-.07311	-.07311
-.06314	-.06314
-.05315	-.05315
-.04317	-.04317
-.03317	-.03317
-.02318	-.02318
-.01318	-.01318
-.00318	-.00318
.00681	.00681
.01681	.01681
.02681	.02681
.03680	.03680
.04679	.04679
.05678	.05678
.06676	.06676
.07673	.07673
.08670	.08670
.09666	.09666
.10661	.10661
.11654	.11654
.12647	.12647
.13638	.13638
.14628	.14628
.15617	.15617
.16604	.16604
.17589	.17589
.18573	.18573
.19554	.19554
.20534	.20534
.21512	.21512
.22487	.22487
.23460	.23460
.24431	.24431
.25400	.25400
.26366	.26366
.27329	.27329
.28289	.28289
.29247	.29247
.30202	.30202
.31154	.31154
.32102	.32102
.33048	.33048
.33990	.33990
.34929	.34929
.35864	.35864
.36796	.36796
.37724	.37724
.38648	.38648
.39568	.39568
.40485	.40485
.41397	.41397
.42305	.42305
.43209	.43209
.44109	.44109
.45004	.45004
.45895	.45895
.46781	.46781
.47662	.47662
.48539	.48539
.49411	.49411
.50278	.50278
.51140	.51140
.51996	.51996
.52848	.52848
.53694	.53694
.54535	.54535
.55371	.55371
.56201	.56201
.57025	.57025
.57844	.57844
.58656	.58656
.59463	.59463
.60264	.60264
.61059	.61059
.61848	.61848
.62631	.62631
.63407	.63407
.64177	.64177
.64941	.64941
.65698	.65698
.66449	.66449
.67193	.67193
.67930	.67930
.68660	.68660
.69384	.69384
.70101	.70101
.70810	.70810
.71513	.71513
.72208	.72208
.72896	.72896
.73577	.73577
.74251	.74251
.74917	.74917
.75576	.75576
.76227	.76227
.76870	.76870
.77506	.77506
.78134	.78134
.78754	.78754
.79366	.79366
.79971	.79971
.80567	.80567
.81155	.81155
.81736	.81736
.82308	.82308
.82871	.82871
.83427	.83427
.83974	.83974
.84513	.84513
.85043	.85043
.85565	.85565
.86078	.86078
.86583	.86583
.87079	.87079
.87566	.87566
.88045	.88045
.88514	.88514
.88975	.88975
.89427	.89427
.89870	.89870
.90304	.90304
.90729	.90729
.91145	.91145
.91552	.91552
.91950	.91950
.92338	.92338
.92718	.92718
.93088	.93088
.93448	.93448
.93800	.93800
.94141	.94141
.94474	.94474
.94797	.94797
.95111	.95111
.95415	.95415
.95709	.95709
.95994	.95994
.96270	.96270
.96535	.96535
.96791	.96791
.97038	.97038
.97275	.97275
.97502	.97502
.97719	.97719
.97926	.97926
.98124	.98124
.98312	.98312
.98490	.98490
.98658	.98658
.98816	.98816
.98965	.98965
.99103	.99103
.99232	.99232
.99351	.99351
.99459	.99459
.99558	.99558
.99647	.99647
.99726	.99726
.99795	.99795
.99854	.99854
.99903	.99903
.99942	.99942
.99971	.99971
.99990	.99990
.99999	.99999
.99998	.99998
.99987	.99987
.99966	.99966
.99935	.99935
.99894	.99894
.99843	.99843
.99782	.99782
.99711	.99711
.99630	.99630
.99539	.99539
.99438	.99438
.99327	.99327
.99207	.99207
.99076	.99076
.98935	.98935
.98785	.98785
.98625	.98625
.98454	.98454
.98274	.98274
.98084	.98084
.97885	.97885
.97675	.97675
.97456	.97456
.97227	.97227
.96988	.96988
.96740	.96740
.96482	.96482
.96214	.96214
.95937	.95937
.95650	.95650
.95354	.95354
.95048	.95048
.94732	.94732
.94407	.94407
.94073	.94073
.93729	.93729
.93375	.93375
.93013	.93013
.92641	.92641
.92260	.92260
.91870	.91870
.91470	.91470
.91061	.91061
.90644	.90644
.90217	.90217
.89781	.89781
.89336	.89336
.88882	.88882
.88419	.88419
.87948	.87948
.87468	.87468
.86979	.86979
.86481	.86481
.85974	.85974
.85459	.85459
.84936	.84936
.84404	.84404
.83863	.83863
.83314	.83314
.82757	.82757
.82192	.82192
.81618	.81618
.81036	.81036
.80446	.80446
.79848	.79848
.79242	.79242
.78628	.78628
.78006	.78006
.77377	.77377
.76740	.76740
.76095	.76095
.75442	.75442
.74782	.74782
.74114	.74114
.73439	.73439
.72757	.72757
.72067	.72067
.71370	.71370
.70666	.70666
.69955	.69955
.69237	.69237
.68512	.68512
.67780	.67780
.67042	.67042
.66296	.66296
.65544	.65544
.64786	.64786
.64021	.64021
.63250	.63250
.62472	.62472
.61688	.61688
.60898	.60898
.60102	.60102
.59299	.59299
.58491	.58491
.57677	.57677
.56857	.56857
.56032	.56032
.55201	.55201
.54364	.54364
.53522	.53522
.52675	.52675
.51822	.51822
.50964	.50964
.50102	.50102
.49234	.49234
.48361	.48361
.47483	.47483
.46601	.46601
.45714	.45714
.44822	.44822
.43926	.43926
.43025	.43025
.42120	.42120
.41211	.41211
.40298	.40298
.39381	.39381
.38460	.38460
.37535	.37535
.36606	.36606
.35674	.35674
.34738	.34738
.33798	.33798
.32855	.32855
.31909	.31909
.30960	.30960
.30008	.30008
.29052	.29052
.28094	.28094
.27133	.27133
.26169	.26169
.25202	.25202
.24234	.24234
.23262	.23262
.22288	.22288
.21312	.21312
.20334	.20334
.19354	.19354
.18372	.18372
.17388	.17388
.16403	.16403
.15416	.15416
.14427	.14427
.13436	.13436
.12445	.12445
.11452	.11452
.10458	.10458
.09463	.09463
.08467	.08467
.07470	.07470
.06473	.06473
.05474	.05474
.04476	.04476
.03477	.03477
.02477	.02477
.01477	.01477
.00477	.00477
-.00522	-.00522
-.01522	-.01522
-.02522	-.02522
-.03521	-.03521
-.04520	-.04520
-.05519	-.05519
-.06517	-.06517
-.07515	-.07515
-.08511	-.08511
-.09507	-.09507
-.10502	-.10502
-.11496	-.11496
-.12489	-.12489
-.13481	-.13481
-.14471	-.14471
-.15460	-.15460
-.16447	-.16447
-.17432	-.17432
-.18416	-.18416
-.19398	-.19398
-.20378	-.20378
-.21356	-.21356
-.22332	-.22332
-.23305	-.23305
-.24277	-.24277
-.25246	-.25246
-.26212	-.26212
-.27176	-.27176
-.28137	-.28137
-.29095	-.29095
-.30050	-.30050
-.31002	-.31002
-.31952	-.31952
-.32897	-.32897
-.33840	-.33840
-.34779	-.34779
-.35715	-.35715
-.36647	-.36647
-.37576	-.37576
-.38501	-.38501
-.39422	-.39422
-.40339	-.40339
-.41252	-.41252
-.42161	-.42161
-.43065	-.43065
-.43966	-.43966
-.44862	-.44862
-.45753	-.45753
-.46640	-.46640
-.47522	-.47522
-.48400	-.48400
-.49272	-.49272
-.50140	-.50140
-.51003	-.51003
-.51860	-.51860
-.52713	-.52713
-.53560	-.53560
1
