0	0.406444
1	0.408531
2	0.919908
3	0.916753
4	0.787403
5	0.776498
6	1.589914
7	1.175817
8	1.034240
9	0.698962
10	0.634414
11	0.882114
12	0.752215
13	0.804594
14	0.591065
15	0.174563
16	-0.308278
17	-0.232864
18	-0.809387
19	-0.875810
20	-0.673782
21	-0.564011
22	-0.981566
23	-0.533371
24	-0.442941
25	-0.555281
26	-1.043491
27	-1.387475
28	-1.459816
29	-1.228230
30	-1.427382
31	-1.105542
32	-1.233385
33	-1.058280
34	-0.838141
35	-1.107287
36	-0.685299
37	-0.330254
38	0.053638
39	-0.358544
40	-0.432774
41	-0.028417
42	0.209365
43	0.007086
44	-0.472026
45	-0.411205
46	-0.302823
47	0.111780
48	-0.245205
49	-0.226951
50	0.011233
51	0.186782
52	-0.210369
53	-0.246559
54	-0.147295
55	-0.583623
56	-0.401449
57	-0.287373
58	-0.673028
59	-0.458946
60	-0.709652
61	-0.677915
62	-0.352646
63	0.132367
64	0.485793
65	0.607660
66	0.436852
67	-0.161562
68	0.003784
69	0.288107
70	-0.022177
71	0.664037
72	0.808503
73	0.729659
74	0.891635
75	0.358038
76	0.536105
77	0.386896
78	0.519090
79	0.238089
80	0.001480
81	0.198068
82	0.254584
83	0.571214
84	0.688289
85	0.820368
86	0.794751
87	1.037209
88	1.267980
89	1.036128
90	1.049414
91	1.299391
92	1.107087
93	0.873094
94	0.815413
95	-0.134339
96	-0.384654
97	-0.273430
98	0.187559
99	0.945848
100	0.849415
101	0.723678
102	0.715808
103	0.349606
104	0.370623
105	-0.032581
106	-0.318407
107	-0.545713
108	-0.730276
109	-0.377416
110	-0.392025
111	-0.562181
112	-1.070399
113	-0.348651
114	-0.484356
115	0.086874
116	0.500708
117	0.757743
118	0.687737
119	0.530304
120	0.149505
121	0.675223
122	0.776820
123	0.535934
124	0.403526
125	0.277161
126	0.667228
127	0.229756
128	0.048593
129	0.506738
130	0.305021
131	0.268424
132	0.086934
133	0.381382
134	-0.083408
135	-0.148312
136	-0.498033
137	-0.609574
138	-0.574221
139	-0.213620
140	-0.250184
141	-0.089478
142	0.276920
143	0.306124
144	-0.238963
145	0.176427
146	0.493774
147	0.513585
148	0.100155
149	-0.445236
150	-0.237680
151	0.409715
152	0.342418
153	0.602330
154	0.258799
155	-0.276297
156	-0.275447
157	-0.347295
158	-0.345328
159	-0.055066
160	0.201584
161	0.094724
162	-0.036339
163	-0.097708
164	-0.149053
165	-0.056116
166	0.167960
167	0.595929
168	0.073580
169	-0.188953
170	0.173584
171	0.240949
172	0.560254
173	0.420314
174	0.246877
175	0.398910
176	-0.200733
177	0.008062
178	-0.085918
179	0.390728
180	0.164019
181	0.070682
182	0.271261
183	-0.128734
184	-0.498822
185	-0.515375
186	-0.277215
187	-0.224597
188	0.355639
189	-0.048489
190	-0.742440
191	-0.611907
192	-0.860756
193	-0.035705
194	-0.630417
195	-0.114991
196	0.410281
197	0.617345
198	0.846340
199	1.250537
200	1.168490
201	1.341293
202	1.420094
203	1.568680
204	1.382684
205	1.426570
206	0.888005
207	1.021485
208	0.690232
209	0.528934
210	0.192438
211	0.091017
212	0.712463
213	0.602403
214	0.361597
215	-0.013612
216	0.296650
217	-0.332351
218	-0.000810
219	-0.384983
220	-0.493703
221	-0.725553
222	-0.414130
223	-0.173269
224	-0.276353
225	-0.685609
226	-0.281990
227	0.024953
228	0.399478
229	-0.300136
230	-0.624853
231	-0.558824
232	-0.429049
233	-0.331612
234	-0.578932
235	-0.638645
236	-0.308893
237	-0.458442
238	-0.892298
239	-1.142578
240	-1.381412
241	-1.209330
242	-1.559022
243	-1.198442
244	-0.883726
245	-1.443053
246	-1.532852
247	-1.353859
248	-1.097112
249	-0.938323
250	-1.547030
251	-1.261074
252	-1.206902
253	-0.978243
254	-0.570403
255	-0.048345
256	0.082046
257	-0.220855
258	-0.532550
259	-0.249481
260	-0.040101
261	-0.490147
262	-0.320043
263	-0.224061
264	0.335152
265	0.191792
266	0.362251
267	-0.108006
268	-0.066998
269	-0.535912
270	-0.759067
271	-0.566006
272	-0.126907
273	-0.119076
274	-0.378387
275	0.189639
276	0.600503
277	-0.061823
278	0.319439
279	0.526390
280	0.204524
281	0.344152
282	0.045367
283	-0.460739
284	-0.498370
285	0.088222
286	0.510786
287	0.330121
288	0.209296
289	0.606231
290	0.879004
291	0.388135
292	0.113192
293	0.281806
294	-0.347931
295	-0.079947
296	-0.347318
297	-1.141802
298	-0.941429
299	-0.827773
300	-0.385012
301	-0.890260
302	-0.890415
303	-0.253813
304	-0.050889
305	-0.572721
306	-0.577560
307	-0.964202
308	-1.632234
309	-1.400357
310	-1.706125
311	-1.301743
312	-1.414267
313	-0.711075
314	-1.119099
315	-0.507395
316	-0.444663
317	-0.321662
318	-0.110464
319	0.141652
320	-0.087586
321	-0.145515
322	-0.821197
323	-0.444430
324	-0.561557
325	-1.234316
326	-0.757374
327	-0.926235
328	-1.055726
329	-0.968435
330	-0.894668
331	-1.229918
332	-1.028124
333	-0.809169
334	-0.492934
335	-0.461561
336	-0.646038
337	-0.136689
338	-0.608067
339	-0.732181
340	-0.474782
341	-0.650563
342	-0.484579
343	-0.396068
344	-0.160083
345	0.473645
346	0.129785
347	0.134160
348	-0.242250
349	-0.444028
350	0.050957
351	-0.148336
352	0.016501
353	-0.396000
354	-0.363065
355	-0.173875
356	0.053474
357	0.609068
358	0.643531
359	0.998682
360	1.090946
361	0.709931
362	1.110024
363	0.531549
364	0.697985
365	0.464929
366	0.079840
367	0.410293
368	0.202475
369	0.156508
370	-0.231658
371	-0.324121
372	-0.541771
373	-0.919283
374	-0.894643
375	-0.161850
376	-0.584091
377	-0.930009
378	-0.867885
379	-1.173112
380	-0.634795
381	-0.081659
382	0.041975
383	-0.650149
384	-0.867637
385	-1.214394
386	-1.405609
387	-1.380356
388	-1.005034
389	-1.015319
390	-1.727444
391	-1.296292
392	-1.632743
393	-1.583050
394	-1.332742
395	-1.802295
396	-1.548615
397	-1.690869
398	-2.099687
399	-1.439402
400	-1.413181
401	-1.310815
402	-0.894467
403	-0.926908
404	-1.176274
405	-0.825651
406	-0.658809
407	-0.552984
408	-0.370969
409	-0.244550
410	-0.164773
411	0.118585
412	0.380869
413	0.583132
414	0.602799
415	0.226762
416	0.094154
417	0.240706
418	0.258059
419	-0.347370
420	-0.196959
421	-0.525988
422	-0.364627
423	-0.251052
424	-0.017123
425	-0.243749
426	-0.301407
427	-1.003242
428	-1.231746
429	-0.965942
430	-1.065799
431	-1.592778
432	-1.106815
433	-1.170531
434	-1.122088
435	-1.069144
436	-0.874115
437	-1.090698
438	-0.782754
439	-0.771627
440	-0.986699
441	-0.980822
442	-1.356264
443	-0.650784
444	-0.301844
445	0.307447
446	-0.154669
447	-0.115405
448	-0.120436
449	-0.886149
450	-1.294684
451	-1.179702
452	-1.086988
453	-0.042586
454	0.410385
455	0.188309
456	0.155393
457	0.179601
458	0.394020
459	0.958406
460	0.752626
461	0.623148
462	0.109378
463	0.108528
464	0.565495
465	0.931222
466	0.414928
467	0.440551
468	0.075914
469	0.083761
470	0.495181
471	0.272604
472	-0.033564
473	0.273211
474	0.510761
475	0.669224
476	1.313753
477	0.848907
478	0.545718
479	0.026032
480	-0.022423
481	0.269947
482	-0.325823
483	-0.036676
484	0.653444
485	0.185822
486	0.665900
487	0.594090
488	0.391766
489	0.222065
490	-0.079232
491	0.235318
492	0.479333
493	0.350115
494	0.451639
495	0.524506
496	0.578374
497	0.866391
498	0.473276
499	0.479866
500	0.250518
501	0.505970
502	0.941310
503	0.832989
504	1.662178
505	0.878212
506	0.616917
507	0.395511
508	0.437685
509	0.634458
510	1.174083
511	1.093687
