1.010899e+00
-8.273091e-01
6.649070e-01
-9.612636e-01
1.687384e+00
-1.693426e+00
1.777957e+00
9.385283e-01
-2.181259e+00
-2.263234e+00
4.260569e-01
7.025401e-01
1.237543e+00
6.659021e-01
1.177511e+00
-6.395292e-01
1.312681e+00
-1.598570e+00
-2.121463e-02
1.042566e-01
1.018801e-01
-2.833597e+00
1.133742e+00
-1.265893e+00
1.481038e+00
-1.008581e+00
8.743570e-01
-6.978902e-01
6.187133e-01
-2.770979e-01
6.572100e-01
1.076436e-01
-1.548742e-01
-2.020059e-01
6.411972e-02
1.712089e-01
-1.221291e+00
8.586780e-01
-1.739767e+00
-1.214554e+00
-1.042766e+00
9.756645e-01
-7.835416e-01
1.404823e-01
5.045002e-01
-1.156686e+00
9.261510e-01
3.254664e-01
1.430739e-01
-3.993583e-02
5.632641e-01
-1.034111e+00
2.447982e-01
-1.572316e+00
-5.222540e-01
7.065211e-01
-9.975262e-02
-9.487598e-01
-8.512288e-01
7.978946e-01
-1.230808e+00
-1.272410e+00
-8.882135e-01
-6.235549e-01
8.832924e-01
-2.440958e+00
8.757111e-03
-6.329001e-01
-1.512193e-01
2.350444e+00
3.559446e-01
1.020493e+00
-6.284800e-01
-1.155046e+00
-6.966778e-02
-1.107679e+00
-2.969077e-01
-7.217088e-01
1.705110e+00
7.313986e-01
-8.822026e-01
-5.516692e-01
-2.572519e-01
-1.099255e+00
-5.055220e-01
2.279013e-02
-1.534626e-01
-8.205350e-01
-2.512534e-01
-1.560655e-01
-8.155769e-01
6.532048e-01
5.632190e-02
1.377544e+00
-7.749958e-01
-6.609132e-01
3.595416e-01
-1.918562e-02
2.159596e+00
-1.993112e+00
-4.708581e-01
-1.480156e+00
-8.809884e-01
-1.955920e-01
-3.438268e-01
-3.280320e-01
1.031445e+00
-7.771623e-01
4.174468e-01
3.551129e-01
7.712361e-02
1.335911e+00
-8.196690e-01
4.777932e-01
-1.576380e+00
-6.955254e-01
4.845968e-01
1.729126e+00
-9.378356e-01
4.501883e-01
8.187897e-01
-1.025624e-01
-3.616597e-01
-5.600266e-01
5.965902e-01
1.528463e+00
-4.684998e-01
-9.034133e-01
-1.709219e+00
1.310959e+00
8.033069e-01
-1.070382e+00
2.802663e-02
-2.149930e-01
1.060898e+00
1.387771e-01
-8.396836e-01
-7.718264e-02
-6.415695e-01
1.273367e+00
-5.816497e-01
-4.444307e-01
1.764509e+00
-6.824516e-01
1.398883e+00
1.129726e+00
1.424784e+00
1.956583e+00
3.536608e-01
-7.692695e-02
-4.861442e-01
2.106776e-01
3.076639e-01
1.497311e+00
2.064842e+00
-1.659806e-01
-1.762200e+00
-5.718791e-01
2.300392e-01
2.565686e-01
2.747943e-01
5.100579e-01
2.728528e-01
1.152624e+00
1.497144e+00
9.593988e-02
1.765391e+00
-1.141740e+00
-2.726634e-01
6.742548e-01
1.610197e+00
-4.927826e-02
-7.060593e-01
1.538412e+00
-9.322879e-01
8.899708e-01
-8.950987e-01
9.737413e-01
-6.117201e-01
1.040077e+00
-8.594289e-01
-6.402427e-01
-3.190456e-01
-1.420154e+00
-5.492466e-01
-1.175429e+00
6.276776e-01
-7.490902e-02
-1.844176e+00
-4.343683e-01
-2.498956e-01
-1.302231e-01
-1.138279e+00
5.840755e-01
-8.903235e-01
1.868973e+00
-9.459347e-01
-1.190628e+00
-1.092239e+00
7.816276e-01
-5.126782e-01
-1.230710e+00
7.050697e-01
-4.914779e-01
5.142151e-02
2.970577e-01
1.427879e+00
-1.153149e+00
2.158964e-02
7.946775e-01
-9.527781e-01
6.281444e-02
1.621419e+00
-4.333523e-01
-7.360821e-01
6.552375e-01
