1	0.00999	0.999
2	0.01999	1
3	0.02999	1
4	0.03998	0.999
5	0.04997	0.999
6	0.05996	0.999
7	0.06994	0.998
8	0.07991	0.997
9	0.08987	0.996
10	0.09983	0.996
11	0.10977	0.994
12	0.11971	0.994
13	0.12963	0.992
14	0.13954	0.991
15	0.14943	0.989
16	0.15931	0.987999
17	0.16918	0.987001
18	0.17902	0.984
19	0.18885	0.983
20	0.19866	0.981
21	0.20845	0.979
22	0.21822	0.976999
23	0.22797	0.975001
24	0.2377	0.973
25	0.2474	0.97
26	0.25708	0.967999
27	0.26673	0.965002
28	0.27635	0.961998
29	0.28595	0.960001
30	0.29552	0.957
31	0.30505	0.952998
32	0.31456	0.951001
33	0.32404	0.948
34	0.33348	0.944
35	0.34289	0.940999
36	0.35227	0.938001
37	0.36161	0.933999
38	0.37092	0.931001
39	0.38018	0.926
40	0.38941	0.922999
41	0.3986	0.919002
42	0.40776	0.915998
43	0.41687	0.911
44	0.42593	0.906
45	0.43496	0.903001
46	0.44394	0.898001
47	0.45288	0.893998
48	0.46177	0.889
49	0.47062	0.885001
50	0.47942	0.88
51	0.48817	0.874999
52	0.49688	0.871
53	0.50553	0.865
54	0.51413	0.86
55	0.52268	0.854999
56	0.53118	0.850004
57	0.53963	0.844997
58	0.54802	0.839001
59	0.55636	0.834
60	0.56464	0.827998
61	0.57286	0.822002
62	0.58103	0.817001
63	0.58914	0.810999
64	0.59719	0.805002
65	0.60518	0.799
66	0.61311	0.792998
67	0.62098	0.787002
68	0.62879	0.781
69	0.63653	0.773996
70	0.64421	0.768
71	0.65183	0.762004
72	0.65938	0.755
73	0.66686	0.747997
74	0.67428	0.742
75	0.68163	0.735003
76	0.68892	0.729001
77	0.69613	0.720996
78	0.70327	0.714004
79	0.71035	0.707996
80	0.71735	0.700003
81	0.72428	0.692999
82	0.73114	0.686002
83	0.73793	0.678998
84	0.74464	0.670999
85	0.75128	0.664002
86	0.75784	0.655997
87	0.76432	0.648004
88	0.77073	0.641
89	0.77707	0.633997
90	0.78332	0.625002
91	0.7895	0.617999
92	0.7956	0.61
93	0.80162	0.602001
94	0.80755	0.593001
95	0.81341	0.585997
96	0.81919	0.578004
97	0.82488	0.568998
98	0.83049	0.560999
99	0.83602	0.553
100	0.84147	0.545001
101	0.84683	0.536001
102	0.8521	0.527
103	0.85729	0.519001
104	0.8624	0.510997
105	0.86742	0.502002
106	0.87235	0.492996
107	0.8772	0.485003
108	0.88195	0.475001
109	0.88662	0.466996
110	0.8912	0.458002
111	0.89569	0.449002
112	0.9001	0.440997
113	0.90441	0.431001
114	0.90863	0.422001
115	0.91276	0.413001
116	0.9168	0.404
117	0.92075	0.395
118	0.9246	0.384998
119	0.92836	0.375998
120	0.93203	0.367004
121	0.93561	0.357997
122	0.93909	0.348002
123	0.94248	0.339001
124	0.94578	0.329995
125	0.94898	0.319999
126	0.95209	0.311005
127	0.9551	0.300997
128	0.95801	0.291002
129	0.96083	0.281996
130	0.96355	0.272
131	0.96618	0.263005
132	0.96871	0.252998
133	0.97114	0.243002
134	0.97348	0.233996
135	0.97572	0.224
136	0.97786	0.213999
137	0.9799	0.204003
138	0.98185	0.195003
139	0.9837	0.184995
140	0.98544	0.174004
141	0.9871	0.165999
142	0.98865	0.155002
143	0.9901	0.145
144	0.99145	0.134999
145	0.99271	0.125998
146	0.99386	0.115001
147	0.99492	0.106001
148	0.99588	0.0959992
149	0.99673	0.0850022
150	0.99749	0.0759959
151	0.99815	0.0660002
152	0.99871	0.0559986
153	0.99916	0.0450015
154	0.99952	0.0360012
155	0.99978	0.0259995
156	0.99994	0.0159979
157	0.99999	0.00500083
158	0.99995	-0.00399947
159	0.99981	-0.0140011
160	0.99957	-0.0239968
161	0.99923	-0.0339985
162	0.99878	-0.0450015
163	0.99824	-0.0540018
164	0.9976	-0.0639975
165	0.99686	-0.0739992
166	0.99602	-0.0840008
167	0.99508	-0.0940025
168	0.99404	-0.103998
169	0.9929	-0.114
170	0.99166	-0.124002
171	0.99032	-0.133997
172	0.98888	-0.144005
173	0.98735	-0.152999
174	0.98571	-0.163996
175	0.98398	-0.173002
176	0.98215	-0.182998
177	0.98022	-0.193
178	0.97819	-0.203001
179	0.97607	-0.212002
180	0.97384	-0.222999
181	0.97152	-0.231999
182	0.9691	-0.242001
183	0.96659	-0.251001
184	0.96398	-0.260997
185	0.96127	-0.271004
186	0.95847	-0.279999
187	0.95557	-0.29
188	0.95257	-0.299996
189	0.94948	-0.309002
190	0.9463	-0.317997
191	0.94301	-0.329006
192	0.93964	-0.336999
193	0.93617	-0.347
194	0.93261	-0.356001
195	0.92895	-0.365996
196	0.92521	-0.374001
197	0.92137	-0.383997
198	0.91743	-0.394005
199	0.91341	-0.401998
200	0.90929	-0.411999
201	0.90509	-0.420004
202	0.90079	-0.43
203	0.8964	-0.439
204	0.89192	-0.448
205	0.88736	-0.455999
206	0.8827	-0.465995
207	0.87796	-0.474
208	0.87313	-0.483
209	0.86821	-0.492001
210	0.8632	-0.501001
211	0.85811	-0.509
212	0.85294	-0.516999
213	0.84767	-0.527
214	0.84233	-0.534004
215	0.83689	-0.544
216	0.83138	-0.550997
217	0.82578	-0.560004
218	0.8201	-0.567997
219	0.81434	-0.576001
220	0.80849	-0.585002
221	0.80257	-0.591999
222	0.79656	-0.601
223	0.79048	-0.607997
224	0.78431	-0.617003
225	0.77807	-0.624001
226	0.77175	-0.632
227	0.76535	-0.639999
228	0.75888	-0.646996
229	0.75233	-0.655001
230	0.7457	-0.663
231	0.739	-0.669998
232	0.73223	-0.677001
233	0.72538	-0.685
234	0.71846	-0.691998
235	0.71147	-0.699002
236	0.70441	-0.705999
237	0.69727	-0.714004
238	0.69007	-0.72
239	0.6828	-0.726998
240	0.67546	-0.734001
241	0.66805	-0.740999
242	0.66058	-0.747001
243	0.65304	-0.753999
244	0.64543	-0.760996
245	0.63776	-0.767004
246	0.63003	-0.773001
247	0.62223	-0.779998
248	0.61437	-0.786
249	0.60645	-0.791997
250	0.59847	-0.798005
251	0.59043	-0.803995
252	0.58233	-0.810003
253	0.57417	-0.816
254	0.56595	-0.822002
255	0.55768	-0.826997
256	0.54935	-0.832999
257	0.54097	-0.838
258	0.53253	-0.844002
259	0.52404	-0.849003
260	0.5155	-0.853997
261	0.5069	-0.86
262	0.49826	-0.864002
263	0.48956	-0.869998
264	0.48082	-0.874001
265	0.47203	-0.878999
266	0.46319	-0.884002
267	0.4543	-0.889
268	0.44537	-0.893
269	0.43639	-0.897998
270	0.42737	-0.902
271	0.41831	-0.906003
272	0.40921	-0.909999
273	0.40006	-0.915
274	0.39088	-0.918001
275	0.38166	-0.921997
276	0.37239	-0.927001
277	0.36309	-0.929999
278	0.35376	-0.933
279	0.34439	-0.937
280	0.33498	-0.940999
281	0.32554	-0.944
282	0.31607	-0.947002
283	0.30657	-0.95
284	0.29704	-0.953001
285	0.28747	-0.956997
286	0.27788	-0.959
287	0.26826	-0.962001
288	0.25861	-0.964999
289	0.24894	-0.967
290	0.23924	-0.97
291	0.22952	-0.972001
292	0.21978	-0.974
293	0.21001	-0.976999
294	0.20022	-0.979
295	0.19042	-0.98
296	0.18059	-0.983
297	0.17075	-0.984
298	0.16089	-0.986001
299	0.15101	-0.987999
300	0.14111	-0.99
301	0.13121	-0.99
302	0.12129	-0.992
303	0.11136	-0.993
304	0.10141	-0.995
305	0.09146	-0.995
306	0.0815	-0.996
307	0.07153	-0.997
308	0.06155	-0.998
309	0.05156	-0.999
310	0.04158	-0.998
311	0.03158	-1
312	0.02159	-0.999
313	0.01159	-1
314	0.00159	-1
315	-0.0084	-0.999
316	-0.0184	-1
317	-0.0284	-1
318	-0.03839	-0.999
319	-0.04838	-0.999
320	-0.05837	-0.999
321	-0.06835	-0.998
322	-0.07832	-0.996999
323	-0.08829	-0.997
324	-0.09824	-0.995
325	-0.10819	-0.995
326	-0.11813	-0.994
327	-0.12805	-0.992
328	-0.13796	-0.991
329	-0.14786	-0.99
330	-0.15774	-0.987999
331	-0.16761	-0.987001
332	-0.17746	-0.985
333	-0.18729	-0.983
334	-0.1971	-0.981
335	-0.2069	-0.98
336	-0.21667	-0.977001
337	-0.22642	-0.974999
338	-0.23615	-0.973
339	-0.24586	-0.971
340	-0.25554	-0.968002
341	-0.26519	-0.964999
342	-0.27482	-0.962999
343	-0.28442	-0.960001
344	-0.29399	-0.956997
345	-0.30354	-0.955001
346	-0.31305	-0.951001
347	-0.32253	-0.948
348	-0.33198	-0.944999
349	-0.3414	-0.942001
350	-0.35078	-0.938001
351	-0.36013	-0.935
352	-0.36944	-0.930998
353	-0.37871	-0.927001
354	-0.38795	-0.924
355	-0.39714	-0.918999
356	-0.4063	-0.916001
357	-0.41542	-0.911999
358	-0.42449	-0.907001
359	-0.43353	-0.904
360	-0.44252	-0.898999
361	-0.45146	-0.894001
362	-0.46036	-0.889999
363	-0.46922	-0.886002
364	-0.47802	-0.88
365	-0.48678	-0.875998
366	-0.49549	-0.871003
367	-0.50415	-0.865996
368	-0.51276	-0.861001
369	-0.52132	-0.856
370	-0.52983	-0.850999
371	-0.53829	-0.846004
372	-0.54669	-0.839996
373	-0.55503	-0.834
374	-0.56332	-0.828999
375	-0.57156	-0.824004
376	-0.57973	-0.816995
377	-0.58785	-0.812
378	-0.59591	-0.806004
379	-0.60391	-0.800002
380	-0.61185	-0.793999
381	-0.61973	-0.787997
382	-0.62755	-0.782001
383	-0.6353	-0.774997
384	-0.64299	-0.769001
385	-0.65062	-0.762999
386	-0.65818	-0.756001
387	-0.66568	-0.749999
388	-0.67311	-0.743002
389	-0.68047	-0.735998
390	-0.68776	-0.729001
391	-0.69499	-0.722998
392	-0.70214	-0.714999
393	-0.70923	-0.709003
394	-0.71624	-0.700998
395	-0.72318	-0.694001
396	-0.73005	-0.687003
397	-0.73685	-0.68
398	-0.74357	-0.672001
399	-0.75022	-0.664997
400	-0.7568	-0.658
401	-0.7633	-0.650001
402	-0.76972	-0.642002
403	-0.77606	-0.633997
404	-0.78233	-0.626999
405	-0.78852	-0.619
406	-0.79463	-0.611001
407	-0.80066	-0.603002
408	-0.80661	-0.594997
409	-0.81248	-0.586998
410	-0.81827	-0.579005
411	-0.82398	-0.570995
412	-0.8296	-0.562
413	-0.83515	-0.555003
414	-0.8406	-0.545001
415	-0.84598	-0.537997
416	-0.85127	-0.529003
417	-0.85647	-0.519997
418	-0.86159	-0.512004
419	-0.86662	-0.502998
420	-0.87157	-0.494999
421	-0.87643	-0.485998
422	-0.8812	-0.477004
423	-0.88588	-0.467998
424	-0.89048	-0.459999
425	-0.89498	-0.450003
426	-0.8994	-0.441998
427	-0.90373	-0.432998
428	-0.90796	-0.423002
429	-0.91211	-0.414997
430	-0.91616	-0.405002
431	-0.92012	-0.396001
432	-0.92399	-0.387001
433	-0.92777	-0.378001
434	-0.93146	-0.369
435	-0.93505	-0.358999
436	-0.93855	-0.349998
437	-0.94195	-0.340003
438	-0.94526	-0.330997
439	-0.94848	-0.322002
440	-0.9516	-0.312001
441	-0.95462	-0.301999
442	-0.95755	-0.292999
443	-0.96039	-0.283998
444	-0.96313	-0.274003
445	-0.96577	-0.264001
446	-0.96831	-0.253999
447	-0.97076	-0.244999
448	-0.97311	-0.235003
449	-0.97537	-0.225997
450	-0.97753	-0.216001
451	-0.97958	-0.204998
452	-0.98155	-0.196999
453	-0.98341	-0.186002
454	-0.98517	-0.176001
455	-0.98684	-0.167
456	-0.98841	-0.156999
457	-0.98987	-0.146002
458	-0.99124	-0.137001
459	-0.99251	-0.127
460	-0.99369	-0.117999
461	-0.99476	-0.106996
462	-0.99573	-0.0970006
463	-0.9966	-0.0869989
464	-0.99738	-0.0780046
465	-0.99805	-0.0669956
466	-0.99862	-0.0569999
467	-0.9991	-0.0480056
468	-0.99947	-0.0369966
469	-0.99974	-0.0270009
470	-0.99992	-0.0180006
471	-0.99999	-0.00699759
472	-0.99997	0.00199676
473	-0.99984	0.0129998
474	-0.99961	0.0230014
475	-0.99929	0.0320017
476	-0.99886	0.0429988
477	-0.99834	0.0519991
478	-0.99771	0.0630021
479	-0.99698	0.0729978
480	-0.99616	0.0820041
481	-0.99523	0.0929952
482	-0.99421	0.102001
483	-0.99309	0.112003
484	-0.99186	0.123
485	-0.99054	0.131994
486	-0.98912	0.142002
487	-0.9876	0.151998
488	-0.98598	0.162005
489	-0.98426	0.171995
490	-0.98245	0.181001
491	-0.98053	0.191998
492	-0.97852	0.201005
493	-0.97641	0.211
494	-0.9742	0.220996
495	-0.9719	0.230002
496	-0.9695	0.239998
497	-0.967	0.25
498	-0.9644	0.260001
499	-0.96171	0.269002
500	-0.95892	0.278997
501	-0.95603	0.288999
502	-0.95305	0.297999
503	-0.94998	0.307
504	-0.94681	0.317001
505	-0.94354	0.327003
506	-0.94018	0.335997
507	-0.93673	0.344998
508	-0.93318	0.355005
509	-0.92954	0.364
510	-0.92581	0.373
511	-0.92198	0.382996
512	-0.91807	0.391001
513	-0.91406	0.401002
514	-0.90995	0.410998
515	-0.90576	0.419003
516	-0.90148	0.427997
517	-0.89711	0.437003
518	-0.89264	0.446999
519	-0.88809	0.454998
520	-0.88345	0.464004
521	-0.87872	0.472999
522	-0.8739	0.481999
523	-0.869	0.489998
524	-0.86401	0.499004
525	-0.85893	0.507998
526	-0.85377	0.515997
527	-0.84852	0.525004
528	-0.84318	0.533998
529	-0.83776	0.542003
530	-0.83226	0.549996
531	-0.82668	0.558001
532	-0.82101	0.567001
533	-0.81526	0.575
534	-0.80943	0.582999
535	-0.80351	0.591999
536	-0.79752	0.599003
537	-0.79145	0.606996
538	-0.7853	0.615001
539	-0.77907	0.623
540	-0.77276	0.631005
541	-0.76637	0.638998
542	-0.75991	0.646001
543	-0.75337	0.654
544	-0.74676	0.660998
545	-0.74007	0.669003
546	-0.73331	0.676
547	-0.72647	0.683999
548	-0.71957	0.690001
549	-0.71259	0.698
550	-0.70554	0.704998
551	-0.69841	0.713003
552	-0.69122	0.718999
553	-0.68396	0.725996
554	-0.67663	0.733
555	-0.66923	0.740004
556	-0.66177	0.746
557	-0.65424	0.752997
558	-0.64665	0.759
559	-0.63899	0.766003
560	-0.63126	0.773001
561	-0.62347	0.778997
562	-0.61562	0.784999
563	-0.60771	0.791001
564	-0.59974	0.796998
565	-0.59171	0.803006
566	-0.58362	0.808996
567	-0.57547	0.815004
568	-0.56726	0.820994
569	-0.559	0.826001
570	-0.55068	0.832003
571	-0.54231	0.836998
572	-0.53388	0.843
573	-0.52539	0.848997
574	-0.51686	0.853002
575	-0.50827	0.858998
576	-0.49964	0.863004
577	-0.49095	0.869
578	-0.48221	0.873998
579	-0.47343	0.878
580	-0.4646	0.883001
581	-0.45572	0.887999
582	-0.44679	0.893
583	-0.43783	0.896001
584	-0.42881	0.902
585	-0.41976	0.905001
586	-0.41066	0.909999
587	-0.40152	0.913998
588	-0.39234	0.918001
589	-0.38313	0.920999
590	-0.37387	0.926003
591	-0.36458	0.928998
592	-0.35525	0.933
593	-0.34588	0.937
594	-0.33648	0.940001
595	-0.32705	0.942999
596	-0.31758	0.946999
597	-0.30809	0.949001
598	-0.29856	0.953001
599	-0.289	0.955999
600	-0.27941	0.959
601	-0.26979	0.962001
602	-0.26015	0.964001
603	-0.25048	0.966999
604	-0.24079	0.969
605	-0.23107	0.972
606	-0.22133	0.974
607	-0.21157	0.976001
608	-0.20178	0.978999
609	-0.19198	0.98
610	-0.18216	0.982
611	-0.17232	0.984001
612	-0.16246	0.985999
613	-0.15258	0.988001
614	-0.14269	0.988999
615	-0.13279	0.99
616	-0.12287	0.992
617	-0.11294	0.993
618	-0.103	0.994
619	-0.09305	0.995
620	-0.08308	0.997
621	-0.07311	0.997
622	-0.06314	0.997
623	-0.05315	0.999
624	-0.04317	0.998
625	-0.03317	1
626	-0.02318	0.999
627	-0.01318	1
628	-0.00318	1
629	0.00681	0.999
630	0.01681	1
631	0.02681	1
632	0.0368	0.999
633	0.04679	0.999
634	0.05678	0.999
635	0.06676	0.998
636	0.07673	0.996999
637	0.0867	0.997
638	0.09666	0.996
639	0.10661	0.995
640	0.11654	0.993
641	0.12647	0.993
642	0.13638	0.991
643	0.14628	0.99
644	0.15617	0.988999
645	0.16604	0.987001
646	0.17589	0.985
647	0.18573	0.984
648	0.19554	0.981
649	0.20534	0.98
650	0.21512	0.978
651	0.22487	0.974999
652	0.2346	0.973
653	0.24431	0.971001
654	0.254	0.969
655	0.26366	0.966001
656	0.27329	0.962999
657	0.28289	0.959998
658	0.29247	0.958002
659	0.30202	0.955001
660	0.31154	0.951999
661	0.32102	0.948
662	0.33048	0.946
663	0.3399	0.941998
664	0.34929	0.939003
665	0.35864	0.934997
666	0.36796	0.932002
667	0.37724	0.928
668	0.38648	0.924
669	0.39568	0.920001
670	0.40485	0.917
671	0.41397	0.911999
672	0.42305	0.907999
673	0.43209	0.904003
674	0.44109	0.899997
675	0.45004	0.895002
676	0.45895	0.891
677	0.46781	0.885999
678	0.47662	0.880998
679	0.48539	0.877002
680	0.49411	0.871998
681	0.50278	0.867003
682	0.5114	0.861996
683	0.51996	0.856
684	0.52848	0.852001
685	0.53694	0.845999
686	0.54535	0.841004
687	0.55371	0.835997
688	0.56201	0.830001
689	0.57025	0.823998
690	0.57844	0.819004
691	0.58656	0.812
692	0.59463	0.806999
693	0.60264	0.800997
694	0.61059	0.795001
695	0.61848	0.789005
696	0.62631	0.782996
697	0.63407	0.775999
698	0.64177	0.770003
699	0.64941	0.764
700	0.65698	0.756997
701	0.66449	0.751001
702	0.67193	0.744003
703	0.6793	0.737
704	0.6866	0.730002
705	0.69384	0.724
706	0.70101	0.716996
707	0.7081	0.709003
708	0.71513	0.702995
709	0.72208	0.695002
710	0.72896	0.687999
711	0.73577	0.681001
712	0.74251	0.674003
713	0.74917	0.665998
714	0.75576	0.659001
715	0.76227	0.650996
716	0.7687	0.643003
717	0.77506	0.635999
718	0.78134	0.628
719	0.78754	0.620002
720	0.79366	0.611997
721	0.79971	0.604999
722	0.80567	0.596005
723	0.81155	0.588
724	0.81736	0.580996
725	0.82308	0.572002
726	0.82871	0.563002
727	0.83427	0.555998
728	0.83974	0.546998
729	0.84513	0.539005
730	0.85043	0.529999
731	0.85565	0.522
732	0.86078	0.512999
733	0.86583	0.505
734	0.87079	0.496
735	0.87566	0.487
736	0.88045	0.479001
737	0.88514	0.468999
738	0.88975	0.461
739	0.89427	0.452
740	0.8987	0.443
741	0.90304	0.433999
742	0.90729	0.424999
743	0.91145	0.416005
744	0.91552	0.406998
745	0.9195	0.397998
746	0.92338	0.388002
747	0.92718	0.379997
748	0.93088	0.370002
749	0.93448	0.36
750	0.938	0.352001
751	0.94141	0.340998
752	0.94474	0.332999
753	0.94797	0.322998
754	0.95111	0.314003
755	0.95415	0.304002
756	0.95709	0.294
757	0.95994	0.285
758	0.9627	0.275999
759	0.96535	0.264996
760	0.96791	0.256002
761	0.97038	0.247002
762	0.97275	0.237
763	0.97502	0.226998
764	0.97719	0.217003
765	0.97926	0.207001
766	0.98124	0.197995
767	0.98312	0.188005
768	0.9849	0.177997
769	0.98658	0.168002
770	0.98816	0.158
771	0.98965	0.149
772	0.99103	0.137997
773	0.99232	0.129002
774	0.99351	0.119001
775	0.99459	0.107998
776	0.99558	0.0990033
777	0.99647	0.0889957
778	0.99726	0.079
779	0.99795	0.0690043
780	0.99854	0.0589967
781	0.99903	0.049001
782	0.99942	0.0389993
783	0.99971	0.0290036
784	0.9999	0.018996
785	0.99999	0.0090003
786	0.99998	-0.00100136
787	0.99987	-0.0109971
788	0.99966	-0.0209987
789	0.99935	-0.0310004
790	0.99894	-0.041002
791	0.99843	-0.0509977
792	0.99782	-0.0609994
793	0.99711	-0.0710011
794	0.9963	-0.0810027
795	0.99539	-0.0909984
796	0.99438	-0.101
797	0.99327	-0.111002
798	0.99207	-0.119996
799	0.99076	-0.130999
800	0.98935	-0.141001
801	0.98785	-0.150001
802	0.98625	-0.160003
803	0.98454	-0.171
804	0.98274	-0.18
805	0.98084	-0.189996
806	0.97885	-0.199002
807	0.97675	-0.209999
808	0.97456	-0.218999
809	0.97227	-0.229001
810	0.96988	-0.239003
811	0.9674	-0.247997
812	0.96482	-0.257999
813	0.96214	-0.268
814	0.95937	-0.277001
815	0.9565	-0.287002
816	0.95354	-0.295997
817	0.95048	-0.306004
818	0.94732	-0.316
819	0.94407	-0.325
820	0.94073	-0.334001
821	0.93729	-0.343996
822	0.93375	-0.354004
823	0.93013	-0.361997
824	0.92641	-0.371999
825	0.9226	-0.381005
826	0.9187	-0.389999
827	0.9147	-0.400001
828	0.91061	-0.408995
829	0.90644	-0.417
830	0.90217	-0.427002
831	0.89781	-0.436002
832	0.89336	-0.444996
833	0.88882	-0.454003
834	0.88419	-0.462997
835	0.87948	-0.471002
836	0.87468	-0.480002
837	0.86979	-0.488997
838	0.86481	-0.498003
839	0.85974	-0.506997
840	0.85459	-0.515002
841	0.84936	-0.523001
842	0.84404	-0.532001
843	0.83863	-0.540996
844	0.83314	-0.549001
845	0.82757	-0.556999
846	0.82192	-0.565004
847	0.81618	-0.573999
848	0.81036	-0.581998
849	0.80446	-0.590003
850	0.79848	-0.598001
851	0.79242	-0.605994
852	0.78628	-0.614005
853	0.78006	-0.621998
854	0.77377	-0.629002
855	0.7674	-0.636995
856	0.76095	-0.645
857	0.75442	-0.653005
858	0.74782	-0.659996
859	0.74114	-0.668001
860	0.73439	-0.674999
861	0.72757	-0.682002
862	0.72067	-0.690001
863	0.7137	-0.696999
864	0.70666	-0.704002
865	0.69955	-0.711
866	0.69237	-0.717998
867	0.68512	-0.725001
868	0.6778	-0.731999
869	0.67042	-0.738001
870	0.66296	-0.746
871	0.65544	-0.752002
872	0.64786	-0.757998
873	0.64021	-0.765002
874	0.6325	-0.770998
875	0.62472	-0.778002
876	0.61688	-0.783998
877	0.60898	-0.79
878	0.60102	-0.796002
879	0.59299	-0.803
880	0.58491	-0.808001
881	0.57677	-0.813997
882	0.56857	-0.819999
883	0.56032	-0.825
884	0.55201	-0.831002
885	0.54364	-0.836998
886	0.53522	-0.841999
887	0.52675	-0.847
888	0.51822	-0.853002
889	0.50964	-0.858003
890	0.50102	-0.861996
891	0.49234	-0.868002
892	0.48361	-0.872999
893	0.47483	-0.878
894	0.46601	-0.882
895	0.45714	-0.887001
896	0.44822	-0.891998
897	0.43926	-0.896001
898	0.43025	-0.901002
899	0.4212	-0.904998
900	0.41211	-0.909001
901	0.40298	-0.913
902	0.39381	-0.917
903	0.3846	-0.920999
904	0.37535	-0.925002
905	0.36606	-0.929001
906	0.35674	-0.931999
907	0.34738	-0.935999
908	0.33798	-0.940001
909	0.32855	-0.942999
910	0.31909	-0.946
911	0.3096	-0.949001
912	0.30008	-0.951999
913	0.29052	-0.955999
914	0.28094	-0.958002
915	0.27133	-0.961
916	0.26169	-0.964001
917	0.25202	-0.966999
918	0.24234	-0.968
919	0.23262	-0.972
920	0.22288	-0.974
921	0.21312	-0.976001
922	0.20334	-0.978
923	0.19354	-0.979999
924	0.18372	-0.982001
925	0.17388	-0.984
926	0.16403	-0.985
927	0.15416	-0.987001
928	0.14427	-0.988999
929	0.13436	-0.991
930	0.12445	-0.991
931	0.11452	-0.993
932	0.10458	-0.994
933	0.09463	-0.995
934	0.08467	-0.996
935	0.0747	-0.997
936	0.06473	-0.996999
937	0.05474	-0.999
938	0.04476	-0.998
939	0.03477	-0.999
940	0.02477	-1
941	0.01477	-1
942	0.00477	-1
943	-0.00522	-0.999
944	-0.01522	-1
945	-0.02522	-1
946	-0.03521	-0.999
947	-0.0452	-0.999
948	-0.05519	-0.999
949	-0.06517	-0.998
950	-0.07515	-0.998
951	-0.08511	-0.996
952	-0.09507	-0.996
953	-0.10502	-0.995
954	-0.11496	-0.994
955	-0.12489	-0.993
956	-0.13481	-0.992
957	-0.14471	-0.99
958	-0.1546	-0.988999
959	-0.16447	-0.987001
960	-0.17432	-0.985
961	-0.18416	-0.984
962	-0.19398	-0.982
963	-0.20378	-0.98
964	-0.21356	-0.978
965	-0.22332	-0.976001
966	-0.23305	-0.973
967	-0.24277	-0.972
968	-0.25246	-0.969
969	-0.26212	-0.966001
970	-0.27176	-0.963998
971	-0.28137	-0.961003
972	-0.29095	-0.957999
973	-0.3005	-0.955001
974	-0.31002	-0.951999
975	-0.31952	-0.95
976	-0.32897	-0.944999
977	-0.3384	-0.943002
978	-0.34779	-0.939
979	-0.35715	-0.935999
980	-0.36647	-0.932002
981	-0.37576	-0.928998
982	-0.38501	-0.925002
983	-0.39422	-0.920999
984	-0.40339	-0.917
985	-0.41252	-0.913
986	-0.42161	-0.909001
987	-0.43065	-0.904
988	-0.43966	-0.901002
989	-0.44862	-0.895998
990	-0.45753	-0.891
991	-0.4664	-0.887001
992	-0.47522	-0.882
993	-0.484	-0.878
994	-0.49272	-0.872001
995	-0.5014	-0.867999
996	-0.51003	-0.862998
997	-0.5186	-0.857002
998	-0.52713	-0.853002
999	-0.5356	-0.847
